9964908
9065682
767107
9490630
13210696
6214027
4962356
5631669
3631563
8649651
8714701
6897555
9482506
9968977
12885241
9996747
9541252
9998016
1555342
9655083
8382802
9704168
11621404
2204588
9047880
6208380
9128555
10972438
4714685
5461949
12947268
12215164
359141
11784844
1784073
6399220
3713169
8719422
5477315
3622666
1209268
9207489
7042863
12630500
7205308
6058717
12397986
11022830
3638030
1095164
4911119
11699411
553238
9260340
4405931
2274271
12246952
9774033
11663641
8905886
10160710
8264707
398117
11242702
398077
6401654
3170828
7301089
11089177
4142809
11166555
12669520
9425836
8355311
6240835
7754074
2693231
3276985
7248660
3665894
7248832
2165561
6823279
3243745
9456923
2859533
10255387
9849653
8747713
13275505
1904099
12414870
7916741
9273364
5582136
11668891
12169663
11169465
6326583
1845629
3253443
11082921
11082917
433304
5416184
2334142
5682497
8181601
6592366
6306485
13261208
12759235
3086667
6505854
4607042
12086445
7222653
7492639
6994971
6724741
13120782
10736750
6651757
7659242
8142672
11545660
12830855
8988057
1830142
2128586
9174095
10818779
6319699
2496061
7124662
410571
6671690
2152262
9828781
1671926
7126741
6228560
9756830
7808959
7722410
5996909
8597749
8144547
1648941
1676543
11676992
1497674
8755575
7987215
7239136
6987088
12652262
7485593
5157313
2121615
8580612
12078245
2727584
7658022
9173246
12560250
11131963
12491193
10074841
10074843
12723655
6127099
7229139
5801342
10139782
6155313
9973067
7959233
4506382
5792079
565403
148937
335705
12927851
6294690
2931708
12772434
9449107
8862081
6921503
12864012
9477211
12284815
2957213
6182966
3798397
13198821
12602152
3288060
1500017
11872024
12451806
8894830
7937610
4264796
9108312
10001117
10503682
6875600
2287156
5426523
9972542
11795993
6293638
7950408
8793642
3767538
9899009
10350961
